
3008
3481
2409
3406
6176
6456
6116
3576
6278
3019
3673
2393
6443
4935
3563
6706
2323
5243
2340
2489
3059
6120
3049
5234
4976
8215
3454
2349
3669
4960
3504
6477
2406
4934
6209
6288
4942
8105
3622
2426
2466
3149
3437
2374
2486
6168
8104
3024
3038
3356
3031
3050
3543
3591
4956
3535
6431
6405
6226
6164
5484
2491



5871
9910
9921
8464
9904
9914
9945
6592
9917
9941
9933
8341
9938
9940
9802
9907
8422
9939
6464
9925
4536
6504
8482
9911
8404
6581
9924
2348
3557
9905
8499
6184
9919
9927
9942
2514
8463
8473
8478
8427
9935
9931
8480
8481
8466
2062
8442
6754
8411
9944
3040
8467
9955
8033
5284
2358
8488
9902
2496



1722
1717
1723
1808
1773
4766
1718
1710
3708
1702
1726
1711
1712
1709
4739
4755
4763
1708
4764
1730
1713
4722
1725
1721
1735
1724
4720
1727
1776
1732



2330
2454
2303
3711
2408
3034
6415
2379
2344
5269
2337
6239
3532
3443
2449
2458
3661
3189
2441
6531
2451
2388
8150
4968
4961
3016
3545
8016
6257
3006
2481
4919
2351
3413
8131
6202
6533
6451
8081
3035
5471
3014
2401
2363
2338
3530
6525
2329
8028
5285
8110
3257
3041
2342
2369
3583
4952
8261
2302
8271
4967
3588
3686
3054
3094
6573
6243



1301
1303
1326
1314
1304
1313
1319
1312
1305
1309
1308
1315
1310
1307
1321
1325
1338
1339
1323
1341
1337
1316
1340
1324



4306
2105
2101
2106
2108
2104
2103
6582
2102
2107
2114
2109
2115



1101
1102
1104
1103
1110
1109
1108



2207
2227
2201
6285
1536
2206
2204
2231
2247
4551
2239
2228
2233
2497
1533
3346
4557
1568
1587
4581
1592
2236
2243



6505
8926
9908
9937
9930
1714
9926
9918
9934
1525



2542
5522
2915
2504
2548
5534
2501
2511
3703
2539
2520
5531
2515
2524
2545
6177
2547
2540
2535
3056
2536
2530
5546
5525
9946
3266
2527
2546
5521
2538
5533
2528
2509
2506
5515
5519
9906
3052
2537
2543
2516
1805



1802
1810
1806
1817
1809



1736
1707
4142
1789
6491
4137
1598
3705
6541
4104
1795
1701
1720
4119
1760
4164
4190
1734
4746
6598
1762
4737
4108
1786
4133
4155
4148
4106
1733
1731
3164
4141
1783



2912
8454
2923
2903
2905
2908
2913
2910
2614
2597
5907
2906
2929
2904
2901
8429
2936
5906
2911
4807
8443



1402
1476
1434
1477
1440
1409
1419
1444
4438
4414
1447
1464
1455
1442
1437
1460
4426
1457
4439
1446
1436
1451
1467
1435
1459
1414
1473
1439
1468
1463
1452
1416
1423
1466
1410
1417
1474
1443
1470
1456
1445
1465
1438
1454
1432
1413
1453
1441



2412
3045
4904
2345
2439
3682
2498
2455
3596
5388
2332
3704
3380
6605
4906
2450
6416
4977
2314
2485
3062
2419
6283
3694
8011
3025
3419
3047
6142
6152
6216
3027
6136
6442
3311
2444



2603
2615
2633
2610
2618
2609
2606
2634
2607
2608
2637
2208
2605
2617
2601
2612
5607
2636
2616
5608
2613
2642
8367
2630
2611



2723
2707
8462
2704
2727
9943
2706
2701
2712
2731
2705
2722
2748
2739
5706
2702
8940



6214
5203
4994
6183
2480
6112
3130
3029
2427
2453
2471
2468



1907
1904
1909
1903
1905
1906



2882
2881
2886
2891
2884
2892
5880
2885
2880
2801
5876
2887
2883
2890
2888
2823
2834
2812
2809
2845
2889
2838
6005
2855
2849
2867
2820
2897
2851
2850
2836
6024
2832
2841
2816
2852



2002
2027
2015
2006
2023
2014
9958
5007
2034
2031
2009
2010
2029
2028
5538
2013
2012
2007
2020
2017
2030
2022
2038
2008
3004
2069
2032
2024
2033



1605
1609
1604
1614
5283
1608
1612
1603
1611
1618
1626
1615
4930
1617
1616



2317
2474
6409
2354
2360
2404
3665
6196
2373
2312
3030
3450
2464
2433
6192
3617
2477
6139
6558
8021
2495
2423
3305
6201
2359
2390
2461
3518
2488
5225
6215
3018
2482
8201



2347
3702
3036
5434
8070
3010
8112
6281
3033
6189
3048
2459
3028
3209
2414
3055
2430
3528
8072
3312



2308
2327
3037
8046
2492
4958
2385
3044
2383
2313
3023
3533
6213
6269
3653
2456
2059
2368
6412
3376
2392
3042
5469
4915
2428
6153
3026
6282
2367
4943
2421
2328
4927
6191
2355
2478
2375
8213
8039
1582
2472
3090
2436
6115
3015
3003
6224
6715
3645
3679
6251
3501
2316
2402
2457
2467
3338
2420
3605
4912
6449
3032
6197
2484
2493
2476
4989
6141
2462
4999
6205
6108
2413
2460
8103
8249
3321
4545
6155
2483
2415
6165
2440
3607
3058
3296
3021
2431
3550
6133
3432
3011
3593
3308
2429



1590
2049
6669
2371
1504
1503
1507
6670
1513
1515
1519
1532
1537
4576
4532
1560
1589
1558
1522
5288
1583
1597
1527
1514
4564
4540
8996
6672
6666
2241
1535
1521
1541
4552
4526
4566
6655
6668
3167
4571
4555
1530
1517
4560
4572
6698
1526
1531
6671
8374
6641
6674
1528
1506
1529
6625
1540
1539
4562
8222
1516



2382
2395
2357
4938
2301
2377
2324
3231
2356
2353
2352
2376
3706
3005
6414
3017
2362
6230
2331
6166
2387
8163
6579
6277
8210
2417
3022
6206
3712
5215
2397
8114
3416
2405
6128
6235
2399
2425
2365
3701
3013
3060
4916
2305
5258
6591
2380
6117
3002
2465
3057
3494
6172
3046
9912
3515


1216
1227
1229
1210
1232
1215
1218
1234
1201
1256
1203
1231
1225
1219
1737
1217
1233
1235
1220
1236





























































































